0 1611
1 1044
2 1049
3 1055
4 1016
5 1043
6 1047
7 1041
8 1043
9 1080
10 1047
11 1055
12 1043
13 1079
14 1024
15 1034
16 1082
17 1068
18 1098
19 1029
20 1049
21 1035
22 1043
23 1063
24 1034
25 1024
26 1037
27 1029
28 1051
29 1077
30 1053
31 1057
32 1078
33 1008
34 1040
35 1015
36 1097
37 1054
38 1044
39 1030
40 1061
41 1053
42 1061
43 1083
44 1031
45 1050
46 1019
47 1020
48 1043
49 1030
50 1060
51 1045
52 1042
53 1088
54 1024
55 1072
56 1086
57 1063
58 1064
59 1037
60 1083
61 1086
62 1025
63 1025
64 1060
65 1031
66 1065
67 1060
68 1041
69 1042
70 1033
71 1091
72 1050
73 1082
74 1122
75 1070
76 1063
77 1069
78 1070
79 1050
80 1040
81 1040
82 1040
83 1075
84 1073
85 1013
86 1055
87 1075
88 1004
89 1082
90 1038
91 1057
92 1046
93 1018
94 1093
95 1048
96 1040
97 1014
98 999
99 1031
100 1063
101 1047
102 1077
103 1070
104 1020
105 1056
106 1029
107 1052
108 1026
109 1057
110 1064
111 1063
112 1091
113 998
114 1067
115 1051
116 1012
117 1084
118 1060
119 1053
120 1046
121 1026
122 1059
123 1066
124 1058
125 1064
126 1034
127 1051
128 1053
129 1054
130 1040
131 1038
132 1065
133 1083
134 1054
135 1058
136 1065
137 1024
138 1091
139 1061
140 1041
141 1052
142 1026
143 1063
144 1051
145 1041
146 1056
147 1068
148 1063
149 1061
150 1073
151 1046
152 1068
153 1035
154 1043
155 1085
156 1030
157 1046
158 1052
159 1022
160 1026
161 1050
162 1048
163 1042
164 1073
165 1017
166 1046
167 987
168 1028
169 1037
170 1012
171 1065
172 1020
173 1055
174 1031
175 1045
176 1035
177 1065
178 1048
179 1048
180 1001
181 1025
182 1081
183 1054
184 1039
185 1044
186 1065
187 1060
188 1057
189 1067
190 1025
191 1072
192 1014
193 1070
194 1037
195 1032
196 1089
197 1041
198 1030
199 1030
200 1044
201 1079
202 1048
203 1075
204 1102
205 1052
206 1073
207 1012
208 1086
209 1083
210 1078
211 1070
212 1021
213 1015
214 1030
215 1052
216 1021
217 1044
218 1035
219 1080
220 1066
221 1037
222 1007
223 1073
224 1094
225 1099
226 1089
227 997
228 1030
229 1038
230 1024
231 1072
232 1050
233 1055
234 1042
235 1012
236 1046
237 1088
238 1026
239 1063
240 1050
241 1059
242 1047
243 1011
244 1029
245 1027
246 1023
247 1079
248 1045
249 1042
250 1052
251 1043
252 1015
253 1064
254 1027
255 1082
256 1018
257 1051
258 1059
259 1008
260 1064
261 1058
262 1018
263 1021
264 1060
265 1048
266 1062
267 1044
268 1038
269 1000
270 1062
271 1032
272 1059
273 1016
274 1085
275 1076
276 1046
277 1050
278 1027
279 1052
280 1045
281 1022
282 1013
283 1038
284 1026
285 1045
286 1088
287 1047
288 1077
289 1065
290 1064
291 1044
292 1003
293 1005
294 1053
295 1033
296 1033
297 1056
298 1043
299 1045
300 1018
301 1056
302 1049
303 1066
304 1030
305 1039
306 1044
307 1023
308 1083
309 1015
310 1070
311 1014
312 1060
313 1078
314 1032
315 1007
316 1011
317 1032
318 1041
319 1086
320 1075
321 1031
322 1077
323 1044
324 1042
325 1072
326 1063
327 1052
328 1075
329 1048
330 1065
331 1025
332 1042
333 1038
334 1064
335 1059
336 983
337 1086
338 1079
339 1065
340 1047
341 1072
342 1086
343 1075
344 1052
345 1053
346 1034
347 1031
348 1040
349 1054
350 1010
351 1073
352 1095
353 1044
354 1075
355 1047
356 1028
357 1045
358 1052
359 1055
360 1096
361 1042
362 1072
363 1091
364 1004
365 1072
366 1058
367 1034
368 1017
369 1053
370 1049
371 1063
372 1094
373 1075
374 1105
375 1049
376 1038
377 1028
378 1026
379 1065
380 1047
381 1057
382 1022
383 1026
384 1044
385 1056
386 1036
387 1058
388 1052
389 1028
390 1063
391 1046
392 1047
393 1059
394 1045
395 1059
396 1021
397 1024
398 1097
399 1060
400 1065
401 1018
402 1053
403 1027
404 1037
405 1074
406 1037
407 1041
408 1067
409 1055
410 992
411 991
412 1043
413 1058
414 1050
415 1030
416 1069
417 1014
418 1044
419 1066
420 1065
421 1044
422 1092
423 1032
424 1038
425 1054
426 1047
427 1090
428 1063
429 1052
430 1063
431 1023
432 1023
433 1064
434 1040
435 1024
436 1089
437 1017
438 1038
439 1024
440 1083
441 1047
442 1009
443 1050
444 1077
445 1075
446 1101
447 1059
448 1074
449 1032
450 1034
451 1015
452 1038
453 1022
454 1068
455 1055
456 1070
457 1046
458 1013
459 1037
460 1081
461 1073
462 1069
463 1029
464 1054
465 1088
466 1106
467 1077
468 1049
469 1056
470 1067
471 1094
472 1046
473 1068
474 1074
475 1034
476 1047
477 1029
478 1055
479 1021
480 1055
481 1060
482 1020
483 1028
484 1074
485 1086
486 1059
487 1058
488 1037
489 999
490 1026
491 1057
492 1012
493 1050
494 1018
495 1053
496 1034
497 1097
498 1085
499 1025
500 1066
501 1034
502 1031
503 1038
504 1005
505 1034
506 1071
507 1068
508 1060
509 1043
510 1092
511 1050
512 1018
513 1056
514 1074
515 1061
516 1023
517 1038
518 1021
519 1045
520 1063
521 1053
522 1045
523 1061
524 1043
525 1027
526 1016
527 1025
528 1040
529 1006
530 1055
531 1069
532 1085
533 1035
534 1040
535 1039
536 1001
537 1069
538 1064
539 1047
540 1022
541 1096
542 1027
543 1031
544 1072
545 1038
546 1013
547 1068
548 1061
549 1039
550 1054
551 1066
552 1086
553 1077
554 1080
555 1066
556 1059
557 1077
558 1037
559 1066
560 1025
561 1025
562 1081
563 1034
564 1055
565 1104
566 1028
567 1025
568 1034
569 1055
570 1049
571 1030
572 1058
573 1019
574 1072
575 1049
576 1053
577 1040
578 1032
579 1055
580 1084
581 1072
582 1072
583 1040
584 1112
585 1050
586 1103
587 1071
588 1013
589 1098
590 1039
591 1049
592 1102
593 1033
594 1074
595 1036
596 1041
597 1046
598 1058
599 1055
600 1025
601 1030
602 1070
603 1065
604 1039
605 1062
606 1032
607 1049
608 1062
609 1056
610 1088
611 1051
612 1052
613 1026
614 1007
615 1092
616 1055
617 1045
618 1039
619 1026
620 1022
621 1010
622 1089
623 1037
624 1076
625 1009
626 1049
627 1063
628 1092
629 1020
630 1007
631 1055
632 1050
633 1045
634 1058
635 1040
636 1052
637 1046
638 1050
639 1054
640 1054
641 1012
642 1014
643 1048
644 1009
645 1033
646 1025
647 1024
648 1044
649 1046
650 1051
651 1041
652 1032
653 1064
654 1067
655 1025
656 1063
657 1081
658 1027
659 1073
660 1075
661 1059
662 1046
663 1066
664 1052
665 1038
666 1028
667 1051
668 1057
669 1030
670 1018
671 1039
672 1092
673 1011
674 1029
675 1053
676 1062
677 1068
678 1046
679 1067
680 1008
681 1097
682 1027
683 1077
684 1029
685 1049
686 1063
687 1082
688 1039
689 1020
690 1073
691 1039
692 1052
693 1048
694 1055
695 1068
696 1058
697 1093
698 1044
699 1042
700 1017
701 1103
702 998
703 1027
704 1051
705 998
706 1050
707 1037
708 1046
709 1052
710 1102
711 1028
712 1037
713 1047
714 1002
715 1059
716 1047
717 1065
718 1036
719 1056
720 1020
721 1030
722 1037
723 1056
724 1072
725 1003
726 1030
727 1052
728 1034
729 1033
730 1069
731 1018
732 1053
733 1060
734 1057
735 1064
736 1030
737 1039
738 1088
739 1075
740 1064
741 1042
742 1048
743 1046
744 1042
745 1065
746 1080
747 1047
748 1051
749 1102
750 1060
751 1058
752 1047
753 1082
754 1028
755 1054
756 1063
757 1070
758 1062
759 1060
760 1014
761 1055
762 1027
763 1090
764 1048
765 1034
766 1034
767 1073
768 1054
769 1084
770 1081
771 1063
772 1053
773 1032
774 1000
775 1074
776 1069
777 1047
778 1057
779 1027
780 1055
781 1081
782 1062
783 1030
784 1095
785 1041
786 1053
787 1070
788 1051
789 1019
790 1059
791 1055
792 1017
793 1060
794 1049
795 1111
796 1075
797 1036
798 1047
799 1074
800 1074
801 1042
802 1058
803 1031
804 1091
805 1041
806 1004
807 1075
808 1062
809 1040
810 1016
811 1092
812 1033
813 1048
814 1042
815 1075
816 1016
817 1031
818 1044
819 1048
820 1035
821 1056
822 1044
823 1011
824 1041
825 1082
826 1041
827 1054
828 1034
829 1013
830 1055
831 1084
832 1042
833 1055
834 1055
835 1002
836 1057
837 1051
838 1081
839 1058
840 1035
841 1016
842 1045
843 1037
844 1038
845 1051
846 1027
847 1042
848 1058
849 1118
850 1064
851 1030
852 1060
853 1018
854 1048
855 1105
856 1045
857 1065
858 1059
859 1047
860 1063
861 1048
862 1043
863 1057
864 1051
865 1037
866 1014
867 1042
868 1019
869 1077
870 1026
871 1053
872 1027
873 1038
874 1063
875 1054
876 1059
877 1063
878 1052
879 1059
880 1075
881 1034
882 1063
883 1024
884 1052
885 1056
886 1090
887 1044
888 1054
889 1076
890 1051
891 1041
892 1067
893 1018
894 1068
895 1058
896 1042
897 1080
898 1046
899 1085
900 1064
901 1054
902 1060
903 1010
904 1085
905 1084
906 1037
907 1101
908 1042
909 1040
910 1095
911 1050
912 1048
913 1057
914 1048
915 1041
916 1034
917 1086
918 1016
919 1033
920 1056
921 1054
922 1081
923 1022
924 1072
925 1050
926 1000
927 1036
928 1017
929 1057
930 1025
931 1041
932 1042
933 1075
934 1068
935 1050
936 1037
937 1087
938 1058
939 1109
940 1037
941 1082
942 1075
943 1058
944 1055
945 1079
946 1039
947 1047
948 1067
949 1064
950 1028
951 1062
952 1040
953 1012
954 1096
955 1090
956 1055
957 1032
958 1069
959 1037
960 1019
961 1039
962 1074
963 1021
964 1042
965 1052
966 1041
967 1041
968 1061
969 1028
970 1059
971 1054
972 1051
973 1054
974 1035
975 1067
976 1064
977 1046
978 1049
979 1032
980 1041
981 1041
982 1059
983 1054
984 1026
985 1045
986 1078
987 1097
988 1028
989 1025
990 1045
991 1061
992 1044
993 1045
994 1041
995 1092
996 1052
997 1048
998 1036
999 1093
1000 1021
1001 1071
1002 1029
1003 1058
1004 1052
1005 1058
1006 1031
1007 1088
1008 1032
1009 1073
1010 1080
1011 1060
1012 1082
1013 1049
1014 1062
1015 1035
1016 1057
1017 1090
1018 1026
1019 1052
1020 1078
1021 1051
1022 1034
1023 1044
1024 1050
1025 1028
1026 1031
1027 1024
1028 1024
1029 1018
1030 1064
1031 1056
1032 1049
1033 1060
1034 1067
1035 1095
1036 1062
1037 1024
1038 1071
1039 1046
1040 1063
1041 1025
1042 1046
1043 1051
1044 1077
1045 1045
1046 1031
1047 1058
1048 1073
1049 1056
1050 1070
1051 1022
1052 1034
1053 1029
1054 1039
1055 1041
1056 1029
1057 1049
1058 1049
1059 1022
1060 1090
1061 1017
1062 1036
1063 1026
1064 1028
1065 1070
1066 1063
1067 1077
1068 1073
1069 1042
1070 1052
1071 1054
1072 1024
1073 1062
1074 1050
1075 1092
1076 996
1077 1067
1078 1032
1079 1046
1080 1021
1081 1071
1082 1066
1083 1051
1084 1065
1085 1055
1086 1085
1087 1035
1088 1057
1089 1043
1090 1020
1091 1045
1092 1049
1093 1018
1094 1053
1095 1065
1096 1073
1097 1055
1098 1028
1099 1070
1100 1022
1101 1036
1102 1071
1103 1037
1104 1028
1105 1060
1106 1036
1107 1010
1108 1018
1109 1060
1110 1055
1111 1040
1112 1048
1113 1070
1114 1043
1115 1052
1116 1061
1117 1056
1118 1000
1119 1021
1120 1079
1121 1075
1122 1012
1123 1003
1124 1030
1125 1086
1126 1066
1127 1077
1128 1039
1129 1077
1130 1035
1131 1053
1132 1059
1133 1034
1134 1060
1135 1080
1136 1070
1137 1032
1138 1088
1139 1038
1140 1064
1141 1035
1142 1064
1143 1054
1144 1041
1145 1030
1146 1034
1147 1038
1148 1028
1149 1016
1150 1072
1151 1033
1152 1087
1153 1045
1154 1049
1155 1065
1156 1094
1157 1063
1158 1046
1159 1047
1160 1076
1161 1060
1162 1016
1163 1038
1164 1041
1165 1058
1166 1120
1167 1076
1168 1044
1169 1042
1170 1062
1171 1056
1172 1069
1173 1100
1174 1042
1175 1064
1176 1045
1177 1047
1178 1050
1179 1018
1180 1039
1181 1056
1182 1050
1183 994
1184 1051
1185 1069
1186 1063
1187 1051
1188 1051
1189 1022
1190 1061
1191 1091
1192 1016
1193 1006
1194 1002
1195 1078
1196 1091
1197 1050
1198 1037
1199 1048
1200 1049
1201 1081
1202 1042
1203 1047
1204 1046
1205 1083
1206 1045
1207 1048
1208 1045
1209 1042
1210 1063
1211 1023
1212 1010
1213 1046
1214 1030
1215 1093
1216 1057
1217 1039
1218 1038
1219 1044
1220 1020
1221 1057
1222 1076
1223 1039
1224 1065
1225 1036
1226 1060
1227 1056
1228 1063
1229 1079
1230 1039
1231 1065
1232 1048
1233 1062
1234 1041
1235 1051
1236 1045
1237 1056
1238 1061
1239 1088
1240 1064
1241 1073
1242 1081
1243 1033
1244 1043
1245 1036
1246 1040
1247 1065
1248 1034
1249 1049
1250 1021
1251 1028
1252 1025
1253 1022
1254 1090
1255 1018
1256 1080
1257 1065
1258 1037
1259 1010
1260 1073
1261 1071
1262 1080
1263 1046
1264 1033
1265 1116
1266 1067
1267 1080
1268 1026
1269 1024
1270 1111
1271 1029
1272 1040
1273 1043
1274 1062
1275 1018
1276 1033
1277 1064
1278 1078
1279 1027
1280 1040
1281 1062
1282 1060
1283 1029
1284 1029
1285 1025
1286 1049
1287 1075
1288 1091
1289 1065
1290 1036
1291 1083
1292 1029
1293 977
1294 1011
1295 1053
1296 1055
1297 1012
1298 1073
1299 1048
1300 1052
1301 1053
1302 1046
1303 1095
1304 1033
1305 1068
1306 1082
1307 1063
1308 1064
1309 1071
1310 1067
1311 1065
1312 1044
1313 1058
1314 1059
1315 1043
1316 1024
1317 1082
1318 1021
1319 1025
1320 1054
1321 1071
1322 1069
1323 1048
1324 1074
1325 1080
1326 1055
1327 1043
1328 1085
1329 1037
1330 1039
1331 1053
1332 1038
1333 1073
1334 1037
1335 1044
1336 1059
1337 1016
1338 1043
1339 1099
1340 1032
1341 1057
1342 1049
1343 1101
1344 1045
1345 1064
1346 1063
1347 1071
1348 1034
1349 1044
1350 1013
1351 1033
1352 1031
1353 1014
1354 1036
1355 1077
1356 1073
1357 1020
1358 1008
1359 1083
1360 1068
1361 1029
1362 1078
1363 1061
1364 1038
1365 1017
1366 1045
1367 1042
1368 1083
1369 1061
1370 1070
1371 1014
1372 1037
1373 1066
1374 1061
1375 1034
1376 1040
1377 1048
1378 1090
1379 1024
1380 1084
1381 1028
1382 1032
1383 1113
1384 1067
1385 1081
1386 1050
1387 1031
1388 1052
1389 1081
1390 1035
1391 1053
1392 1074
1393 1057
1394 1047
1395 1069
1396 1032
1397 1021
1398 1053
1399 1081
1400 1032
1401 1055
1402 1072
1403 1058
1404 1027
1405 1051
1406 1046
1407 1066
1408 1064
1409 1030
1410 1029
1411 1052
1412 1035
1413 1071
1414 1034
1415 1031
1416 1022
1417 1041
1418 1067
1419 999
1420 1054
1421 1064
1422 1083
1423 1036
1424 1020
1425 1026
1426 1101
1427 1065
1428 1056
1429 1077
1430 1060
1431 1052
1432 1054
1433 1029
1434 1080
1435 1053
1436 1071
1437 1045
1438 1053
1439 1097
1440 1057
1441 1076
1442 1059
1443 1045
1444 1042
1445 1040
1446 990
1447 1029
1448 1053
1449 1006
1450 1073
1451 1056
1452 1068
1453 1009
1454 1007
1455 1058
1456 1034
1457 1074
1458 1101
1459 1021
1460 1061
1461 1033
1462 1047
1463 1011
1464 1087
1465 1023
1466 1068
1467 1068
1468 1070
1469 1068
1470 1068
1471 1046
1472 1038
1473 1038
1474 1058
1475 1050
1476 1061
1477 1010
1478 1045
1479 1015
1480 1058
1481 1061
1482 1032
1483 1081
1484 1052
1485 989
1486 1067
1487 966
1488 1034
1489 1067
1490 990
1491 1068
1492 1054
1493 1092
1494 1079
1495 1107
1496 1048
1497 1078
1498 1044
1499 1078
1500 1049
1501 1063
1502 1079
1503 1044
1504 1043
1505 1025
1506 1071
1507 1069
1508 1005
1509 1038
1510 1015
1511 1042
1512 1036
1513 1066
1514 1060
1515 1052
1516 1056
1517 1085
1518 1043
1519 1032
1520 1085
1521 1067
1522 1072
1523 1080
1524 1096
1525 1040
1526 1036
1527 1009
1528 1032
1529 1023
1530 1023
1531 1081
1532 1070
1533 1071
1534 1056
1535 1034
1536 1080
1537 1037
1538 1052
1539 1067
1540 1034
1541 1021
1542 1066
1543 1058
1544 1076
1545 1026
1546 1057
1547 1042
1548 1021
1549 1016
1550 1056
1551 1056
1552 1043
1553 1065
1554 1048
1555 1043
1556 1043
1557 1039
1558 1016
1559 1076
1560 1042
1561 1059
1562 1040
1563 1023
1564 1025
1565 1023
1566 1034
1567 1017
1568 1041
1569 1062
1570 1035
1571 1013
1572 1073
1573 1066
1574 999
1575 0
1576 0
1577 0
1578 0
1579 0
1580 0
1581 0
1582 0
1583 0
1584 0
1585 0
1586 0
1587 0
1588 0
1589 0
1590 0
1591 0
1592 0
1593 0
1594 0
1595 0
1596 0
1597 0
1598 0
1599 0
1600 0
1601 0
1602 0
1603 0
1604 0
1605 0
1606 0
1607 0
1608 0
1609 0
1610 0
1611 0
1612 0
1613 0
1614 0
1615 0
1616 0
1617 0
1618 0
1619 0
1620 0
1621 0
1622 0
1623 0
1624 0
1625 0
1626 0
1627 0
1628 0
1629 0
1630 0
1631 0
1632 0
1633 0
1634 0
1635 0
1636 0
1637 0
1638 0
1639 0
1640 0
1641 0
1642 0
1643 0
1644 0
1645 0
1646 0
1647 0
1648 0
1649 0
1650 0
1651 0
1652 0
1653 0
1654 0
1655 0
1656 0
1657 0
1658 0
1659 0
1660 0
1661 0
1662 0
1663 0
1664 0
1665 0
1666 0
1667 0
1668 0
1669 0
1670 0
1671 0
1672 0
1673 0
1674 0
1675 0
1676 0
1677 0
1678 0
1679 0
1680 0
1681 0
1682 0
1683 0
1684 0
1685 0
1686 0
1687 0
1688 0
1689 0
1690 0
1691 0
1692 0
1693 0
1694 0
1695 0
1696 0
1697 0
1698 0
1699 0
1700 0
1701 0
1702 0
1703 0
1704 0
1705 0
1706 0
1707 0
1708 0
1709 0
1710 0
1711 0
1712 0
1713 0
1714 0
1715 0
1716 0
1717 0
1718 0
1719 0
1720 0
1721 0
1722 0
1723 0
1724 0
1725 0
1726 0
1727 0
1728 0
1729 0
1730 0
1731 0
1732 0
1733 0
1734 0
1735 0
1736 0
1737 0
1738 0
1739 0
1740 0
1741 0
1742 0
1743 0
1744 0
1745 0
1746 0
1747 0
1748 0
1749 0
1750 0
1751 0
1752 0
1753 0
1754 0
1755 0
1756 0
1757 0
1758 0
1759 0
1760 0
1761 0
1762 0
1763 0
1764 0
1765 0
1766 0
1767 0
1768 0
1769 0
1770 0
1771 0
1772 0
1773 0
1774 0
1775 0
1776 0
1777 0
1778 0
1779 0
1780 0
1781 0
1782 0
1783 0
1784 0
1785 0
1786 0
1787 0
1788 0
1789 0
1790 0
1791 0
1792 0
1793 0
1794 0
1795 0
1796 0
1797 0
1798 0
1799 0
1800 0
1801 0
1802 0
1803 0
1804 0
1805 0
1806 0
1807 0
1808 0
1809 0
1810 0
1811 0
1812 0
1813 0
1814 0
1815 0
1816 0
1817 0
1818 0
1819 0
1820 0
1821 0
1822 0
1823 0
1824 0
1825 0
1826 0
1827 0
1828 0
1829 0
1830 0
1831 0
1832 0
1833 0
1834 0
1835 0
1836 0
1837 0
1838 0
1839 0
1840 0
1841 0
1842 0
1843 0
1844 0
1845 0
1846 0
1847 0
1848 0
1849 0
1850 0
1851 0
1852 0
1853 0
1854 0
1855 0
1856 0
1857 0
1858 0
1859 0
1860 0
1861 0
1862 0
1863 0
1864 0
1865 0
1866 0
1867 0
1868 0
1869 0
1870 0
1871 0
1872 0
1873 0
1874 0
1875 0
1876 0
1877 0
1878 0
1879 0
1880 0
1881 0
1882 0
1883 0
1884 0
1885 0
1886 0
1887 0
1888 0
1889 0
1890 0
1891 0
1892 0
1893 0
1894 0
1895 0
1896 0
1897 0
1898 0
1899 0
1900 0
1901 0
1902 0
1903 0
1904 0
1905 0
1906 0
1907 0
1908 0
1909 0
1910 0
1911 0
1912 0
1913 0
1914 0
1915 0
1916 0
1917 0
1918 0
1919 0
1920 0
1921 0
1922 0
1923 0
1924 0
1925 0
1926 0
1927 0
1928 0
1929 0
1930 0
1931 0
1932 0
1933 0
1934 0
1935 0
1936 0
1937 0
1938 0
1939 0
1940 0
1941 0
1942 0
1943 0
1944 0
1945 0
1946 0
1947 0
1948 0
1949 0
1950 0
1951 0
1952 0
1953 0
1954 0
1955 0
1956 0
1957 0
1958 0
1959 0
1960 0
1961 0
1962 0
1963 0
1964 0
1965 0
1966 0
1967 0
1968 0
1969 0
1970 0
1971 0
1972 0
1973 0
1974 0
1975 0
1976 0
1977 0
1978 0
1979 0
1980 0
1981 0
1982 0
1983 0
1984 0
1985 0
1986 0
1987 0
1988 0
1989 0
1990 0
1991 0
1992 0
1993 0
1994 0
1995 0
1996 0
1997 0
1998 0
1999 0
2000 0
2001 0
2002 0
2003 0
2004 0
2005 0
2006 0
2007 0
2008 0
2009 0
2010 0
2011 0
2012 0
2013 0
2014 0
2015 0
2016 0
2017 0
2018 0
2019 0
2020 0
2021 0
2022 0
2023 0
2024 0
2025 0
2026 0
2027 0
2028 0
2029 0
2030 0
2031 0
2032 0
2033 0
2034 0
2035 0
2036 0
2037 0
2038 0
2039 0
2040 0
2041 0
2042 0
2043 0
2044 0
2045 0
2046 0
2047 0
2048 0
2049 0
2050 0
2051 0
2052 0
2053 0
2054 0
2055 0
2056 0
2057 0
2058 0
2059 0
2060 0
2061 0
2062 0
2063 0
2064 0
2065 0
2066 0
2067 0
2068 0
2069 0
2070 0
2071 0
2072 0
2073 0
2074 0
2075 0
2076 0
2077 0
2078 0
2079 0
2080 0
2081 0
2082 0
2083 0
2084 0
2085 0
2086 0
2087 0
2088 0
2089 0
2090 0
2091 0
2092 0
2093 0
2094 0
2095 0
2096 0
2097 0
2098 0
2099 0
2100 0
2101 0
2102 0
2103 0
2104 0
2105 0
2106 0
2107 0
2108 0
2109 0
2110 0
2111 0
2112 0
2113 0
2114 0
2115 0
2116 0
2117 0
2118 0
2119 0
2120 0
2121 0
2122 0
2123 0
2124 0
2125 0
2126 0
2127 0
2128 0
2129 0
2130 0
2131 0
2132 0
2133 0
2134 0
2135 0
2136 0
2137 0
2138 0
2139 0
2140 0
2141 0
2142 0
2143 0
2144 0
2145 0
2146 0
2147 0
2148 0
2149 0
2150 0
2151 0
2152 0
2153 0
2154 0
2155 0
2156 0
2157 0
2158 0
2159 0
2160 0
2161 0
2162 0
2163 0
2164 0
2165 0
2166 0
2167 0
2168 0
2169 0
2170 0
2171 0
2172 0
2173 0
2174 0
2175 0
2176 0
2177 0
2178 0
2179 0
2180 0
2181 0
2182 0
2183 0
2184 0
2185 0
2186 0
2187 0
2188 0
2189 0
2190 0
2191 0
2192 0
2193 0
2194 0
2195 0
2196 0
2197 0
2198 0
2199 0
2200 0
2201 0
2202 0
2203 0
2204 0
2205 0
2206 0
2207 0
2208 0
2209 0
2210 0
2211 0
2212 0
2213 0
2214 0
2215 0
2216 0
2217 0
2218 0
2219 0
2220 0
2221 0
2222 0
2223 0
2224 0
2225 0
2226 0
2227 0
2228 0
2229 0
2230 0
2231 0
2232 0
2233 0
2234 0
2235 0
2236 0
2237 0
2238 0
2239 0
2240 0
2241 0
2242 0
2243 0
2244 0
2245 0
2246 0
2247 0
2248 0
2249 0
2250 0
2251 0
2252 0
2253 0
2254 0
2255 0
2256 0
2257 0
2258 0
2259 0
2260 0
2261 0
2262 0
2263 0
2264 0
2265 0
2266 0
2267 0
2268 0
2269 0
2270 0
2271 0
2272 0
2273 0
2274 0
2275 0
2276 0
2277 0
2278 0
2279 0
2280 0
2281 0
2282 0
2283 0
2284 0
2285 0
2286 0
2287 0
2288 0
2289 0
2290 0
2291 0
2292 0
2293 0
2294 0
2295 0
2296 0
2297 0
2298 0
2299 0
2300 0
2301 0
2302 0
2303 0
2304 0
2305 0
2306 0
2307 0
2308 0
2309 0
2310 0
2311 0
2312 0
2313 0
2314 0
2315 0
2316 0
2317 0
2318 0
2319 0
2320 0
2321 0
2322 0
2323 0
2324 0
2325 0
2326 0
2327 0
2328 0
2329 0
2330 0
2331 0
2332 0
2333 0
2334 0
2335 0
2336 0
2337 0
2338 0
2339 0
2340 0
2341 0
2342 0
2343 0
2344 0
2345 0
2346 0
2347 0
2348 0
2349 0
2350 0
2351 0
2352 0
2353 0
2354 0
2355 0
2356 0
2357 0
2358 0
2359 0
2360 0
2361 0
2362 0
2363 0
2364 0
2365 0
2366 0
2367 0
2368 0
2369 0
2370 0
2371 0
2372 0
2373 0
2374 0
2375 0
2376 0
2377 0
2378 0
2379 0
2380 0
2381 0
2382 0
2383 0
2384 0
2385 0
2386 0
2387 0
2388 0
2389 0
2390 0
2391 0
2392 0
2393 0
2394 0
2395 0
2396 0
2397 0
2398 0
2399 0
2400 0
2401 0
2402 0
2403 0
2404 0
2405 0
2406 0
2407 0
2408 0
2409 0
2410 0
2411 0
2412 0
2413 0
2414 0
2415 0
2416 0
2417 0
2418 0
2419 0
2420 0
2421 0
2422 0
2423 0
2424 0
2425 0
2426 0
2427 0
2428 0
2429 0
2430 0
2431 0
2432 0
2433 0
2434 0
2435 0
2436 0
2437 0
2438 0
2439 0
2440 0
2441 0
2442 0
2443 0
2444 0
2445 0
2446 0
2447 0
2448 0
2449 0
2450 0
2451 0
2452 0
2453 0
2454 0
2455 0
2456 0
2457 0
2458 0
2459 0
2460 0
2461 0
2462 0
2463 0
2464 0
2465 0
2466 0
2467 0
2468 0
2469 0
2470 0
2471 0
2472 0
2473 0
2474 0
2475 0
2476 0
2477 0
2478 0
2479 0
2480 0
2481 0
2482 0
2483 0
2484 0
2485 0
2486 0
2487 0
2488 0
2489 0
2490 0
2491 0
2492 0
2493 0
2494 0
2495 0
2496 0
2497 0
2498 0
2499 0
2500 0
2501 0
2502 0
2503 0
2504 0
2505 0
2506 0
2507 0
2508 0
2509 0
2510 0
2511 0
2512 0
2513 0
2514 0
2515 0
2516 0
2517 0
2518 0
2519 0
2520 0
2521 0
2522 0
2523 0
2524 0
2525 0
2526 0
2527 0
2528 0
2529 0
2530 0
2531 0
2532 0
2533 0
2534 0
2535 0
2536 0
2537 0
2538 0
2539 0
2540 0
2541 0
2542 0
2543 0
2544 0
2545 0
2546 0
2547 0
2548 0
2549 0
2550 0
2551 0
2552 0
2553 0
2554 0
2555 0
2556 0
2557 0
2558 0
2559 0
2560 0
2561 0
2562 0
2563 0
2564 0
2565 0
2566 0
2567 0
2568 0
2569 0
2570 0
2571 0
2572 0
2573 0
2574 0
2575 0
2576 0
2577 0
2578 0
2579 0
2580 0
2581 0
2582 0
2583 0
2584 0
2585 0
2586 0
2587 0
2588 0
2589 0
2590 0
2591 0
2592 0
2593 0
2594 0
2595 0
2596 0
2597 0
2598 0
2599 0
2600 0
2601 0
2602 0
2603 0
2604 0
2605 0
2606 0
2607 0
2608 0
2609 0
2610 0
2611 0
2612 0
2613 0
2614 0
2615 0
2616 0
2617 0
2618 0
2619 0
2620 0
2621 0
2622 0
2623 0
2624 0
2625 0
2626 0
2627 0
2628 0
2629 0
2630 0
2631 0
2632 0
2633 0
2634 0
2635 0
2636 0
2637 0
2638 0
2639 0
2640 0
2641 0
2642 0
2643 0
2644 0
2645 0
2646 0
2647 0
2648 0
2649 0
2650 0
2651 0
2652 0
2653 0
2654 0
2655 0
2656 0
2657 0
2658 0
2659 0
2660 0
2661 0
2662 0
2663 0
2664 0
2665 0
2666 0
2667 0
2668 0
2669 0
2670 0
2671 0
2672 0
2673 0
2674 0
2675 0
2676 0
2677 0
2678 0
2679 0
2680 0
2681 0
2682 0
2683 0
2684 0
2685 0
2686 0
2687 0
2688 0
2689 0
2690 0
2691 0
2692 0
2693 0
2694 0
2695 0
2696 0
2697 0
2698 0
2699 0
2700 0
2701 0
2702 0
2703 0
2704 0
2705 0
2706 0
2707 0
2708 0
2709 0
2710 0
2711 0
2712 0
2713 0
2714 0
2715 0
2716 0
2717 0
2718 0
2719 0
2720 0
2721 0
2722 0
2723 0
2724 0
2725 0
2726 0
2727 0
2728 0
2729 0
2730 0
2731 0
2732 0
2733 0
2734 0
2735 0
2736 0
2737 0
2738 0
2739 0
2740 0
2741 0
2742 0
2743 0
2744 0
2745 0
2746 0
2747 0
2748 0
2749 0
2750 0
2751 0
2752 0
2753 0
2754 0
2755 0
2756 0
2757 0
2758 0
2759 0
2760 0
2761 0
2762 0
2763 0
2764 0
2765 0
2766 0
2767 0
2768 0
2769 0
2770 0
2771 0
2772 0
2773 0
2774 0
2775 0
2776 0
2777 0
2778 0
2779 0
2780 0
2781 0
2782 0
2783 0
2784 0
2785 0
2786 0
2787 0
2788 0
2789 0
2790 0
2791 0
2792 0
2793 0
2794 0
2795 0
2796 0
2797 0
2798 0
2799 0
2800 0
2801 0
2802 0
2803 0
2804 0
2805 0
2806 0
2807 0
2808 0
2809 0
2810 0
2811 0
2812 0
2813 0
2814 0
2815 0
2816 0
2817 0
2818 0
2819 0
2820 0
2821 0
2822 0
2823 0
2824 0
2825 0
2826 0
2827 0
2828 0
2829 0
2830 0
2831 0
2832 0
2833 0
2834 0
2835 0
2836 0
2837 0
2838 0
2839 0
2840 0
2841 0
2842 0
2843 0
2844 0
2845 0
2846 0
2847 0
2848 0
2849 0
2850 0
2851 0
2852 0
2853 0
2854 0
2855 0
2856 0
2857 0
2858 0
2859 0
2860 0
2861 0
2862 0
2863 0
2864 0
2865 0
2866 0
2867 0
2868 0
2869 0
2870 0
2871 0
2872 0
2873 0
2874 0
2875 0
2876 0
2877 0
2878 0
2879 0
2880 0
2881 0
2882 0
2883 0
2884 0
2885 0
2886 0
2887 0
2888 0
2889 0
2890 0
2891 0
2892 0
2893 0
2894 0
2895 0
2896 0
2897 0
2898 0
2899 0
2900 0
2901 0
2902 0
2903 0
2904 0
2905 0
2906 0
2907 0
2908 0
2909 0
2910 0
2911 0
2912 0
2913 0
2914 0
2915 0
2916 0
2917 0
2918 0
2919 0
2920 0
2921 0
2922 0
2923 0
2924 0
2925 0
2926 0
2927 0
2928 0
2929 0
2930 0
2931 0
2932 0
2933 0
2934 0
2935 0
2936 0
2937 0
2938 0
2939 0
2940 0
2941 0
2942 0
2943 0
2944 0
2945 0
2946 0
2947 0
2948 0
2949 0
2950 0
2951 0
2952 0
2953 0
2954 0
2955 0
2956 0
2957 0
2958 0
2959 0
2960 0
2961 0
2962 0
2963 0
2964 0
2965 0
2966 0
2967 0
2968 0
2969 0
2970 0
2971 0
2972 0
2973 0
2974 0
2975 0
2976 0
2977 0
2978 0
2979 0
2980 0
2981 0
2982 0
2983 0
2984 0
2985 0
2986 0
2987 0
2988 0
2989 0
2990 0
2991 0
2992 0
2993 0
2994 0
2995 0
2996 0
2997 0
2998 0
2999 0
3000 0
3001 0
3002 0
3003 0
3004 0
3005 0
3006 0
3007 0
3008 0
3009 0
3010 0
3011 0
3012 0
3013 0
3014 0
3015 0
3016 0
3017 0
3018 0
3019 0
3020 0
3021 0
3022 0
3023 0
3024 0
3025 0
3026 0
3027 0
3028 0
3029 0
3030 0
3031 0
3032 0
3033 0
3034 0
3035 0
3036 0
3037 0
3038 0
3039 0
3040 0
3041 0
3042 0
3043 0
3044 0
3045 0
3046 0
3047 0
3048 0
3049 0
3050 0
3051 0
3052 0
3053 0
3054 0
3055 0
3056 0
3057 0
3058 0
3059 0
3060 0
3061 0
3062 0
3063 0
3064 0
3065 0
3066 0
3067 0
3068 0
3069 0
3070 0
3071 0
3072 0
3073 0
3074 0
3075 0
3076 0
3077 0
3078 0
3079 0
3080 0
3081 0
3082 0
3083 0
3084 0
3085 0
3086 0
3087 0
3088 0
3089 0
3090 0
3091 0
3092 0
3093 0
3094 0
3095 0
3096 0
3097 0
3098 0
3099 0
3100 0
3101 0
3102 0
3103 0
3104 0
3105 0
3106 0
3107 0
3108 0
3109 0
3110 0
3111 0
3112 0
3113 0
3114 0
3115 0
3116 0
3117 0
3118 0
3119 0
3120 0
3121 0
3122 0
3123 0
3124 0
3125 0
3126 0
3127 0
3128 0
3129 0
3130 0
3131 0
3132 0
3133 0
3134 0
3135 0
3136 0
3137 0
3138 0
3139 0
3140 0
3141 0
3142 0
3143 0
3144 0
3145 0
3146 0
3147 0
3148 0
3149 0
3150 0
