0 0
1 809
2 782
3 0
4 798
5 802
6 0
7 815
8 778
9 1
10 797
11 791
12 0
13 793
14 828
15 0
16 756
17 800
18 0
19 788
20 790
21 1
22 754
23 797
24 1
25 792
26 781
27 1
28 795
29 785
30 0
31 807
32 771
33 1
34 763
35 786
36 1
37 774
38 793
39 0
40 800
41 769
42 0
43 756
44 786
45 0
46 791
47 761
48 0
49 804
50 819
51 0
52 774
53 774
54 0
55 779
56 814
57 1
58 800
59 823
60 1
61 795
62 762
63 0
64 808
65 788
66 1
67 762
68 766
69 1
70 766
71 761
72 1
73 781
74 805
75 0
76 775
77 806
78 0
79 787
80 779
81 1
82 752
83 776
84 0
85 793
86 795
87 0
88 800
89 826
90 1
91 806
92 764
93 1
94 773
95 777
96 0
97 803
98 859
99 0
100 746
101 763
102 1
103 771
104 780
105 0
106 772
107 815
108 0
109 824
110 805
111 1
112 772
113 775
114 0
115 776
116 759
117 0
118 763
119 782
120 1
121 794
122 787
123 1
124 794
125 793
126 1
127 792
128 794
129 1
130 808
131 781
132 0
133 804
134 761
135 0
136 760
137 779
138 1
139 794
140 778
141 1
142 762
143 798
144 1
145 808
146 810
147 0
148 793
149 774
150 1
151 766
152 771
153 1
154 825
155 852
156 0
157 811
158 772
159 0
160 825
161 825
162 1
163 787
164 805
165 1
166 795
167 780
168 0
169 852
170 755
171 0
172 782
173 774
174 1
175 794
176 803
177 1
178 754
179 790
180 0
181 790
182 799
183 1
184 824
185 801
186 1
187 795
188 807
189 1
190 807
191 802
192 0
193 813
194 800
195 1
196 799
197 822
198 1
199 794
200 771
201 1
202 809
203 814
204 0
205 739
206 758
207 0
208 761
209 790
210 1
211 748
212 780
213 0
214 778
215 774
216 0
217 794
218 773
219 0
220 810
221 814
222 0
223 805
224 783
225 1
226 792
227 776
228 1
229 805
230 776
231 0
232 786
233 806
234 0
235 798
236 752
237 1
238 806
239 745
240 0
241 767
242 792
243 1
244 779
245 790
246 1
247 777
248 782
249 0
250 794
251 743
252 0
253 777
254 754
255 1
256 782
257 723
258 1
259 781
260 806
261 1
262 787
263 746
264 0
265 780
266 778
267 1
268 797
269 796
270 1
271 782
272 803
273 1
274 802
275 756
276 1
277 798
278 755
279 1
280 798
281 765
282 1
283 803
284 759
285 1
286 779
287 804
288 0
289 791
290 802
291 0
292 788
293 789
294 1
295 745
296 765
297 0
298 786
299 741
300 0
301 795
302 762
303 0
304 806
305 763
306 1
307 824
308 750
309 0
310 807
311 793
312 0
313 759
314 800
315 0
316 786
317 803
318 1
319 778
320 777
321 1
322 796
323 798
324 1
325 797
326 794
327 0
328 801
329 782
330 0
331 794
332 807
333 0
334 766
335 770
336 0
337 831
338 787
339 1
340 769
341 771
342 0
343 786
344 817
345 1
346 777
347 809
348 0
349 747
350 771
351 0
352 798
353 806
354 0
355 778
356 767
357 0
358 780
359 792
360 0
361 827
362 769
363 0
364 755
365 808
366 0
367 801
368 773
369 0
370 814
371 797
372 0
373 814
374 779
375 0
376 796
377 759
378 0
379 775
380 767
381 0
382 785
383 767
384 1
385 804
386 806
387 0
388 790
389 759
390 0
391 779
392 828
393 0
394 783
395 802
396 1
397 805
398 819
399 0
400 807
401 800
402 1
403 779
404 805
405 1
406 774
407 778
408 1
409 783
410 785
411 0
412 773
413 798
414 0
415 796
416 758
417 1
418 812
419 803
420 0
421 815
422 766
423 0
424 804
425 795
426 1
427 803
428 776
429 1
430 825
431 806
432 1
433 797
434 794
435 1
436 772
437 777
438 0
439 775
440 788
441 0
442 795
443 818
444 1
445 805
446 781
447 1
448 800
449 808
450 0
451 813
452 771
453 1
454 835
455 788
456 1
457 786
458 744
459 1
460 782
461 803
462 1
463 773
464 755
465 0
466 828
467 797
468 0
469 806
470 800
471 0
472 763
473 779
474 0
475 824
476 769
477 1
478 748
479 809
480 1
481 800
482 777
483 0
484 802
485 798
486 0
487 800
488 771
489 0
490 806
491 733
492 0
493 814
494 787
495 1
496 739
497 781
498 1
499 782
500 800
501 0
502 776
503 772
504 1
505 759
506 785
507 1
508 788
509 790
510 1
511 790
512 770
513 1
514 764
515 773
516 0
517 785
518 812
519 1
520 770
521 787
522 1
523 801
524 773
525 0
526 796
527 777
528 1
529 773
530 773
531 1
532 790
533 789
534 0
535 775
536 783
537 1
538 778
539 791
540 1
541 754
542 788
543 0
544 772
545 801
546 0
547 790
548 791
549 0
550 809
551 776
552 1
553 792
554 803
555 0
556 802
557 761
558 0
559 797
560 775
561 0
562 797
563 788
564 0
565 788
566 804
567 0
568 794
569 796
570 1
571 777
572 809
573 1
574 814
575 781
576 1
577 780
578 788
579 1
580 774
581 789
582 1
583 806
584 783
585 0
586 812
587 788
588 0
589 813
590 812
591 1
592 785
593 779
594 1
595 766
596 805
597 1
598 747
599 831
600 0
601 789
602 813
603 1
604 804
605 784
606 0
607 782
608 829
609 1
610 798
611 775
612 0
613 843
614 811
615 0
616 772
617 759
618 0
619 808
620 797
621 1
622 764
623 815
624 0
625 799
626 766
627 0
628 832
629 773
630 1
631 836
632 811
633 0
634 791
635 781
636 1
637 766
638 774
639 1
640 811
641 801
642 1
643 785
644 797
645 1
646 782
647 759
648 0
649 734
650 741
651 0
652 759
653 735
654 1
655 777
656 787
657 1
658 810
659 767
660 1
661 796
662 797
663 1
664 781
665 820
666 0
667 753
668 768
669 0
670 784
671 775
672 1
673 796
674 771
675 1
676 834
677 791
678 1
679 806
680 771
681 0
682 758
683 787
684 1
685 788
686 808
687 0
688 760
689 813
690 0
691 769
692 797
693 1
694 792
695 783
696 0
697 786
698 786
699 0
700 780
701 805
702 0
703 789
704 785
705 1
706 754
707 781
708 1
709 798
710 790
711 1
712 812
713 768
714 0
715 763
716 826
717 1
718 794
719 793
720 1
721 795
722 802
723 1
724 810
725 808
726 0
727 792
728 811
729 0
730 747
731 799
732 0
733 799
734 789
735 0
736 764
737 798
738 1
739 758
740 791
741 1
742 790
743 746
744 1
745 775
746 808
747 0
748 787
749 764
750 0
751 777
752 775
753 1
754 772
755 779
756 1
757 763
758 780
759 0
760 793
761 785
762 1
763 793
764 806
765 0
766 766
767 801
768 1
769 754
770 807
771 0
772 780
773 793
774 0
775 790
776 793
777 1
778 781
779 782
780 0
781 778
782 783
783 1
784 788
785 779
786 0
787 762
788 762
789 1
790 733
791 796
792 0
793 806
794 777
795 1
796 777
797 805
798 1
799 774
800 803
801 1
802 813
803 794
804 0
805 783
806 812
807 1
808 768
809 771
810 0
811 807
812 819
813 1
814 760
815 792
816 1
817 780
818 755
819 1
820 785
821 805
822 1
823 800
824 786
825 0
826 817
827 798
828 1
829 795
830 751
831 0
832 782
833 791
834 1
835 801
836 797
837 1
838 800
839 797
840 0
841 810
842 766
843 0
844 771
845 798
846 0
847 763
848 797
849 1
850 793
851 822
852 0
853 763
854 816
855 0
856 804
857 713
858 0
859 800
860 785
861 0
862 819
863 791
864 0
865 809
866 752
867 1
868 795
869 782
870 0
871 791
872 756
873 1
874 806
875 772
876 0
877 771
878 785
879 0
880 728
881 772
882 1
883 747
884 780
885 0
886 767
887 788
888 1
889 756
890 805
891 1
892 782
893 788
894 1
895 772
896 798
897 1
898 793
899 750
900 0
901 766
902 808
903 0
904 793
905 793
906 1
907 808
908 743
909 1
910 825
911 792
912 1
913 756
914 815
915 1
916 796
917 826
918 0
919 812
920 811
921 0
922 781
923 754
924 0
925 821
926 806
927 1
928 750
929 775
930 0
931 810
932 811
933 0
934 752
935 786
936 1
937 809
938 808
939 0
940 823
941 782
942 0
943 793
944 811
945 0
946 783
947 788
948 0
949 765
950 763
951 1
952 772
953 777
954 0
955 801
956 794
957 1
958 807
959 784
960 1
961 838
962 795
963 0
964 764
965 813
966 1
967 810
968 768
969 1
970 811
971 805
972 1
973 801
974 803
975 1
976 814
977 804
978 0
979 790
980 797
981 1
982 801
983 800
984 0
985 805
986 760
987 0
988 779
989 786
990 0
991 811
992 772
993 0
994 786
995 778
996 1
997 794
998 752
999 1
1000 787
1001 768
1002 1
1003 802
1004 789
1005 1
1006 786
1007 830
1008 1
1009 731
1010 768
1011 0
1012 791
1013 824
1014 1
1015 829
1016 802
1017 0
1018 785
1019 789
1020 1
1021 803
1022 813
1023 0
1024 825
1025 805
1026 1
1027 801
1028 800
1029 0
1030 836
1031 782
1032 0
1033 785
1034 781
1035 1
1036 810
1037 793
1038 0
1039 767
1040 781
1041 0
1042 751
1043 782
1044 0
1045 784
1046 752
1047 1
1048 764
1049 790
1050 1
1051 790
1052 767
1053 0
1054 771
1055 763
1056 1
1057 844
1058 818
1059 0
1060 813
1061 776
1062 0
1063 798
1064 793
1065 0
1066 794
1067 820
1068 0
1069 770
1070 776
1071 1
1072 799
1073 768
1074 1
1075 768
1076 787
1077 0
1078 800
1079 790
1080 1
1081 814
1082 804
1083 1
1084 777
1085 798
1086 0
1087 799
1088 798
1089 1
1090 787
1091 800
1092 1
1093 780
1094 813
1095 0
1096 815
1097 819
1098 0
1099 790
1100 782
1101 1
1102 775
1103 748
1104 1
1105 753
1106 800
1107 0
1108 796
1109 779
1110 0
1111 775
1112 706
1113 1
1114 779
1115 798
1116 0
1117 792
1118 786
1119 0
1120 809
1121 800
1122 1
1123 803
1124 801
1125 1
1126 795
1127 778
1128 1
1129 764
1130 809
1131 0
1132 766
1133 755
1134 1
1135 743
1136 800
1137 0
1138 816
1139 770
1140 1
1141 803
1142 780
1143 1
1144 792
1145 780
1146 0
1147 757
1148 796
1149 1
1150 778
1151 794
1152 0
1153 782
1154 739
1155 0
1156 786
1157 778
1158 0
1159 785
1160 738
1161 1
1162 807
1163 800
1164 1
1165 784
1166 763
1167 0
1168 805
1169 801
1170 1
1171 799
1172 841
1173 1
1174 794
1175 798
1176 0
1177 817
1178 785
1179 1
1180 776
1181 768
1182 0
1183 767
1184 783
1185 1
1186 834
1187 781
1188 0
1189 762
1190 803
1191 0
1192 774
1193 769
1194 0
1195 799
1196 760
1197 0
1198 809
1199 768
1200 1
1201 771
1202 793
1203 0
1204 785
1205 787
1206 1
1207 803
1208 824
1209 1
1210 737
1211 827
1212 1
1213 802
1214 776
1215 0
1216 810
1217 793
1218 1
1219 775
1220 789
1221 1
1222 771
1223 773
1224 0
1225 803
1226 770
1227 0
1228 801
1229 797
1230 1
1231 775
1232 763
1233 1
1234 757
1235 800
1236 0
1237 765
1238 776
1239 0
1240 797
1241 770
1242 0
1243 782
1244 787
1245 1
1246 759
1247 796
1248 0
1249 827
1250 759
1251 1
1252 736
1253 814
1254 0
1255 813
1256 770
1257 1
1258 806
1259 802
1260 0
1261 783
1262 819
1263 1
1264 774
1265 788
1266 0
1267 786
1268 809
1269 0
1270 789
1271 785
1272 0
1273 780
1274 804
1275 1
1276 778
1277 716
1278 0
1279 766
1280 777
1281 0
1282 813
1283 761
1284 0
1285 792
1286 810
1287 1
1288 797
1289 815
1290 1
1291 808
1292 799
1293 0
1294 760
1295 784
1296 0
1297 752
1298 745
1299 0
1300 756
1301 775
1302 0
1303 780
1304 813
1305 1
1306 805
1307 794
1308 1
1309 804
1310 789
1311 0
1312 778
1313 805
1314 0
1315 776
1316 792
1317 0
1318 786
1319 783
1320 1
1321 807
1322 772
1323 1
1324 793
1325 778
1326 0
1327 755
1328 783
1329 0
1330 815
1331 771
1332 0
1333 785
1334 799
1335 1
1336 806
1337 788
1338 0
1339 811
1340 783
1341 1
1342 797
1343 796
1344 0
1345 787
1346 790
1347 0
1348 788
1349 785
1350 1
1351 779
1352 791
1353 0
1354 763
1355 798
1356 0
1357 760
1358 816
1359 1
1360 739
1361 818
1362 1
1363 808
1364 800
1365 1
1366 772
1367 803
1368 1
1369 820
1370 790
1371 0
1372 775
1373 784
1374 0
1375 786
1376 742
1377 1
1378 786
1379 811
1380 0
1381 792
1382 811
1383 0
1384 787
1385 788
1386 0
1387 800
1388 793
1389 0
1390 779
1391 767
1392 1
1393 771
1394 782
1395 0
1396 798
1397 748
1398 1
1399 796
1400 808
1401 0
1402 810
1403 767
1404 1
1405 787
1406 777
1407 0
1408 788
1409 791
1410 0
1411 796
1412 789
1413 1
1414 807
1415 787
1416 1
1417 791
1418 778
1419 1
1420 803
1421 761
1422 0
1423 784
1424 783
1425 0
1426 773
1427 801
1428 1
1429 787
1430 804
1431 0
1432 784
1433 767
1434 0
1435 803
1436 769
1437 1
1438 753
1439 764
1440 0
1441 791
1442 819
1443 1
1444 802
1445 787
1446 0
1447 777
1448 794
1449 1
1450 757
1451 790
1452 1
1453 770
1454 787
1455 1
1456 810
1457 791
1458 1
1459 794
1460 744
1461 0
1462 805
1463 806
1464 1
1465 801
1466 797
1467 1
1468 760
1469 737
1470 0
1471 775
1472 797
1473 0
1474 769
1475 782
1476 0
1477 755
1478 774
1479 1
1480 779
1481 779
1482 0
1483 768
1484 793
1485 0
1486 835
1487 756
1488 1
1489 789
1490 766
1491 1
1492 766
1493 788
1494 1
1495 803
1496 788
1497 1
1498 798
1499 780
1500 0
1501 797
1502 783
1503 0
1504 809
1505 797
1506 0
1507 795
1508 801
1509 0
1510 759
1511 799
1512 1
1513 742
1514 752
1515 0
1516 788
1517 767
1518 0
1519 822
1520 785
1521 1
1522 811
1523 806
1524 0
1525 791
1526 814
1527 1
1528 800
1529 812
1530 1
1531 806
1532 801
1533 0
1534 741
1535 762
1536 0
1537 788
1538 788
1539 1
1540 791
1541 798
1542 1
1543 791
1544 811
1545 1
1546 793
1547 758
1548 0
1549 766
1550 785
1551 1
1552 786
1553 791
1554 1
1555 752
1556 771
1557 1
1558 771
1559 807
1560 0
1561 790
1562 759
1563 1
1564 800
1565 799
1566 1
1567 779
1568 756
1569 1
1570 794
1571 770
1572 1
1573 804
1574 788
1575 0
1576 786
1577 793
1578 0
1579 774
1580 785
1581 1
1582 792
1583 788
1584 1
1585 765
1586 799
1587 1
1588 752
1589 749
1590 1
1591 795
1592 781
1593 0
1594 797
1595 779
1596 1
1597 807
1598 763
1599 0
1600 783
1601 811
1602 1
1603 785
1604 777
1605 0
1606 809
1607 789
1608 0
1609 777
1610 807
1611 0
1612 799
1613 789
1614 0
1615 770
1616 821
1617 1
1618 757
1619 765
1620 0
1621 766
1622 770
1623 0
1624 804
1625 781
1626 1
1627 766
1628 814
1629 1
1630 760
1631 776
1632 0
1633 772
1634 793
1635 0
1636 789
1637 782
1638 1
1639 753
1640 767
1641 0
1642 787
1643 800
1644 1
1645 786
1646 784
1647 0
1648 753
1649 813
1650 0
1651 768
1652 842
1653 1
1654 773
1655 797
1656 0
1657 791
1658 769
1659 0
1660 818
1661 779
1662 1
1663 810
1664 809
1665 0
1666 789
1667 813
1668 0
1669 779
1670 808
1671 1
1672 801
1673 794
1674 1
1675 784
1676 797
1677 0
1678 784
1679 805
1680 0
1681 756
1682 788
1683 0
1684 800
1685 821
1686 0
1687 823
1688 762
1689 0
1690 789
1691 779
1692 0
1693 764
1694 805
1695 1
1696 821
1697 804
1698 1
1699 762
1700 782
1701 1
1702 761
1703 782
1704 0
1705 749
1706 773
1707 0
1708 807
1709 840
1710 1
1711 795
1712 815
1713 1
1714 794
1715 791
1716 1
1717 800
1718 781
1719 1
1720 761
1721 826
1722 1
1723 791
1724 790
1725 0
1726 811
1727 819
1728 0
1729 790
1730 762
1731 1
1732 792
1733 794
1734 1
1735 766
1736 783
1737 0
1738 798
1739 795
1740 0
1741 810
1742 776
1743 1
1744 818
1745 761
1746 0
1747 784
1748 796
1749 0
1750 795
1751 781
1752 0
1753 782
1754 797
1755 0
1756 786
1757 747
1758 0
1759 821
1760 810
1761 1
1762 790
1763 763
1764 0
1765 743
1766 803
1767 0
1768 831
1769 794
1770 0
1771 772
1772 815
1773 1
1774 781
1775 796
1776 0
1777 838
1778 788
1779 1
1780 796
1781 816
1782 1
1783 811
1784 754
1785 0
1786 797
1787 785
1788 0
1789 774
1790 811
1791 1
1792 797
1793 786
1794 0
1795 776
1796 771
1797 0
1798 817
1799 809
1800 0
1801 773
1802 784
1803 0
1804 799
1805 733
1806 0
1807 800
1808 799
1809 0
1810 775
1811 758
1812 0
1813 765
1814 780
1815 1
1816 812
1817 734
1818 1
1819 801
1820 771
1821 0
1822 801
1823 778
1824 1
1825 793
1826 809
1827 1
1828 791
1829 773
1830 0
1831 793
1832 790
1833 0
1834 781
1835 774
1836 1
1837 789
1838 799
1839 1
1840 768
1841 829
1842 0
1843 772
1844 805
1845 0
1846 834
1847 797
1848 1
1849 787
1850 795
1851 0
1852 801
1853 796
1854 1
1855 760
1856 768
1857 0
1858 744
1859 810
1860 1
1861 750
1862 779
1863 1
1864 771
1865 786
1866 0
1867 814
1868 789
1869 0
1870 762
1871 771
1872 0
1873 802
1874 766
1875 0
1876 773
1877 804
1878 1
1879 812
1880 789
1881 1
1882 780
1883 806
1884 0
1885 798
1886 815
1887 0
1888 769
1889 749
1890 1
1891 741
1892 775
1893 0
1894 776
1895 799
1896 1
1897 786
1898 789
1899 0
1900 803
1901 759
1902 1
1903 793
1904 771
1905 0
1906 788
1907 789
1908 0
1909 805
1910 805
1911 1
1912 796
1913 775
1914 0
1915 781
1916 794
1917 0
1918 795
1919 792
1920 0
1921 784
1922 798
1923 0
1924 718
1925 803
1926 1
1927 773
1928 806
1929 1
1930 817
1931 756
1932 0
1933 772
1934 820
1935 1
1936 772
1937 813
1938 1
1939 805
1940 766
1941 1
1942 755
1943 825
1944 0
1945 799
1946 786
1947 0
1948 744
1949 780
1950 1
1951 793
1952 776
1953 0
1954 776
1955 774
1956 0
1957 770
1958 785
1959 1
1960 777
1961 805
1962 0
1963 783
1964 817
1965 1
1966 777
1967 779
1968 0
1969 803
1970 789
1971 1
1972 800
1973 803
1974 0
1975 763
1976 796
1977 1
1978 817
1979 818
1980 0
1981 800
1982 791
1983 0
1984 799
1985 785
1986 1
1987 764
1988 764
1989 1
1990 767
1991 798
1992 1
1993 779
1994 773
1995 0
1996 756
1997 824
1998 0
1999 756
2000 781
2001 0
2002 773
2003 792
2004 0
2005 841
2006 799
2007 0
2008 780
2009 780
2010 1
2011 740
2012 765
2013 0
2014 785
2015 789
2016 1
2017 795
2018 761
2019 0
2020 765
2021 796
2022 1
2023 795
2024 804
2025 0
2026 787
2027 775
2028 0
2029 808
2030 758
2031 1
2032 810
2033 783
2034 1
2035 790
2036 779
2037 1
2038 794
2039 813
2040 0
2041 770
2042 790
2043 1
2044 828
2045 778
2046 0
2047 796
2048 818
2049 1
2050 796
2051 794
2052 0
2053 786
2054 780
2055 1
2056 774
2057 771
2058 1
2059 801
2060 787
2061 0
2062 811
2063 806
2064 1
2065 779
2066 756
2067 1
2068 767
2069 798
2070 0
2071 808
2072 813
2073 0
2074 807
2075 795
2076 1
2077 793
2078 799
2079 1
2080 772
2081 777
2082 1
2083 800
2084 822
2085 1
2086 829
2087 788
2088 1
2089 792
2090 775
2091 1
2092 822
2093 797
2094 0
2095 788
2096 809
2097 1
2098 779
2099 805
2100 0
2101 781
2102 789
2103 1
2104 820
2105 789
2106 0
2107 774
2108 773
2109 0
2110 768
2111 768
2112 1
2113 817
2114 757
2115 1
2116 780
2117 790
2118 1
2119 807
2120 776
2121 1
2122 789
2123 789
2124 0
2125 814
2126 774
2127 1
2128 792
2129 796
2130 1
2131 800
2132 798
2133 1
2134 755
2135 805
2136 1
2137 779
2138 809
2139 0
2140 772
2141 791
2142 0
2143 780
2144 784
2145 1
2146 811
2147 754
2148 1
2149 785
2150 778
2151 1
2152 805
2153 789
2154 1
2155 798
2156 770
2157 1
2158 820
2159 800
2160 1
2161 756
2162 760
2163 1
2164 769
2165 816
2166 0
2167 800
2168 789
2169 1
2170 782
2171 809
2172 1
2173 812
2174 793
2175 1
2176 752
2177 797
2178 0
2179 793
2180 796
2181 1
2182 749
2183 770
2184 0
2185 774
2186 771
2187 1
2188 776
2189 781
2190 0
2191 812
2192 807
2193 0
2194 785
2195 774
2196 0
2197 774
2198 797
2199 0
2200 773
2201 794
2202 0
2203 764
2204 777
2205 0
2206 800
2207 754
2208 1
2209 768
2210 767
2211 0
2212 767
2213 752
2214 0
2215 799
2216 777
2217 1
2218 818
2219 823
2220 0
2221 792
2222 801
2223 1
2224 780
2225 805
2226 0
2227 771
2228 791
2229 0
2230 789
2231 792
2232 1
2233 800
2234 790
2235 1
2236 773
2237 768
2238 1
2239 790
2240 779
2241 1
2242 793
2243 789
2244 0
2245 787
2246 767
2247 1
2248 797
2249 791
2250 0
2251 787
2252 782
2253 0
2254 792
2255 781
2256 1
2257 793
2258 800
2259 0
2260 818
2261 793
2262 1
2263 784
2264 793
2265 0
2266 815
2267 780
2268 1
2269 799
2270 784
2271 1
2272 813
2273 795
2274 0
2275 805
2276 789
2277 1
2278 781
2279 778
2280 0
2281 760
2282 786
2283 1
2284 804
2285 804
2286 0
2287 773
2288 777
2289 0
2290 797
2291 776
2292 1
2293 798
2294 777
2295 0
2296 744
2297 788
2298 1
2299 778
2300 763
2301 0
2302 828
2303 805
2304 0
2305 824
2306 767
2307 1
2308 792
2309 794
2310 0
2311 814
2312 780
2313 1
2314 774
2315 808
2316 0
2317 782
2318 804
2319 1
2320 792
2321 797
2322 1
2323 765
2324 771
2325 1
2326 807
2327 804
2328 0
2329 783
2330 817
2331 1
2332 768
2333 779
2334 1
2335 794
2336 773
2337 0
2338 785
2339 769
2340 0
2341 779
2342 807
2343 1
2344 805
2345 801
2346 0
2347 781
2348 810
2349 0
2350 762
2351 762
2352 1
2353 787
2354 791
2355 1
2356 764
2357 797
2358 0
2359 776
2360 794
2361 1
2362 801
2363 773
2364 0
2365 807
2366 797
2367 0
2368 755
2369 784
2370 1
2371 779
2372 801
2373 1
2374 806
2375 779
2376 1
2377 783
2378 785
2379 1
2380 800
2381 783
2382 0
2383 817
2384 792
2385 1
2386 810
2387 798
2388 0
2389 795
2390 764
2391 1
2392 782
2393 816
2394 0
2395 776
2396 785
2397 1
2398 792
2399 790
2400 1
2401 788
2402 786
2403 0
2404 788
2405 791
2406 0
2407 826
2408 809
2409 1
2410 774
2411 792
2412 1
2413 823
2414 782
2415 0
2416 779
2417 757
2418 1
2419 740
2420 756
2421 1
2422 811
2423 806
2424 0
2425 816
2426 803
2427 0
2428 790
2429 816
2430 1
2431 769
2432 793
2433 1
2434 813
2435 786
2436 0
2437 793
2438 805
2439 1
2440 783
2441 788
2442 0
2443 769
2444 753
2445 0
2446 804
2447 766
2448 0
2449 785
2450 774
2451 0
2452 781
2453 803
2454 1
2455 759
2456 800
2457 1
2458 793
2459 821
2460 1
2461 750
2462 799
2463 1
2464 783
2465 769
2466 1
2467 777
2468 760
2469 0
2470 774
2471 806
2472 1
2473 776
2474 782
2475 1
2476 820
2477 798
2478 0
2479 784
2480 797
2481 0
2482 807
2483 768
2484 1
2485 774
2486 790
2487 0
2488 752
2489 762
2490 1
2491 804
2492 846
2493 1
2494 806
2495 796
2496 1
2497 797
2498 798
2499 0
2500 792
2501 783
2502 0
2503 810
2504 809
2505 1
2506 773
2507 772
2508 0
2509 787
2510 797
2511 0
2512 778
2513 754
2514 1
2515 824
2516 762
2517 1
2518 795
2519 779
2520 0
2521 779
2522 803
2523 1
2524 776
2525 776
2526 1
2527 810
2528 771
2529 1
2530 749
2531 792
2532 1
2533 768
2534 797
2535 0
2536 796
2537 793
2538 0
2539 770
2540 841
2541 0
2542 801
2543 805
2544 0
2545 798
2546 805
2547 0
2548 830
2549 779
2550 1
2551 770
2552 742
2553 1
2554 783
2555 781
2556 1
2557 802
2558 816
2559 1
2560 763
2561 779
2562 1
2563 790
2564 783
2565 1
2566 811
2567 791
2568 1
2569 780
2570 763
2571 1
2572 791
2573 771
2574 0
2575 788
2576 790
2577 0
2578 811
2579 732
2580 0
2581 821
2582 789
2583 1
2584 785
2585 770
2586 0
2587 806
2588 792
2589 0
2590 772
2591 804
2592 1
2593 813
2594 795
2595 0
2596 770
2597 824
2598 0
2599 768
2600 777
2601 0
2602 797
2603 764
2604 0
2605 760
2606 795
2607 0
2608 811
2609 790
2610 0
2611 767
2612 804
2613 0
2614 754
2615 807
2616 1
2617 789
2618 791
2619 1
2620 786
2621 794
2622 1
2623 798
2624 775
2625 1
2626 808
2627 758
2628 1
2629 768
2630 800
2631 1
2632 772
2633 797
2634 1
2635 793
2636 769
2637 0
2638 797
2639 763
2640 0
2641 784
2642 805
2643 0
2644 776
2645 789
2646 1
2647 818
2648 762
2649 1
2650 763
2651 759
2652 1
2653 790
2654 791
2655 0
2656 794
2657 797
2658 0
2659 812
2660 787
2661 1
2662 791
2663 776
2664 1
2665 799
2666 786
2667 1
2668 787
2669 796
2670 1
2671 774
2672 799
2673 0
2674 764
2675 802
2676 1
2677 789
2678 754
2679 0
2680 767
2681 791
2682 0
2683 813
2684 809
2685 1
2686 808
2687 773
2688 0
2689 789
2690 794
2691 1
2692 805
2693 803
2694 1
2695 795
2696 800
2697 0
2698 788
2699 783
2700 1
2701 808
2702 807
2703 1
2704 781
2705 783
2706 1
2707 826
2708 759
2709 1
2710 764
2711 773
2712 1
2713 789
2714 800
2715 0
2716 780
2717 789
2718 1
2719 789
2720 793
2721 0
2722 809
2723 798
2724 0
2725 801
2726 794
2727 0
2728 794
2729 787
2730 1
2731 817
2732 815
2733 1
2734 785
2735 776
2736 0
2737 796
2738 752
2739 1
2740 799
2741 818
2742 1
2743 792
2744 779
2745 0
2746 785
2747 794
2748 0
2749 787
2750 783
2751 1
2752 801
2753 808
2754 0
2755 784
2756 792
2757 0
2758 792
2759 796
2760 0
2761 782
2762 800
2763 0
2764 815
2765 784
2766 1
2767 844
2768 808
2769 1
2770 781
2771 790
2772 1
2773 809
2774 784
2775 0
2776 795
2777 814
2778 0
2779 792
2780 803
2781 1
2782 773
2783 811
2784 0
2785 783
2786 790
2787 1
2788 797
2789 794
2790 1
2791 792
2792 809
2793 0
2794 787
2795 785
2796 1
2797 796
2798 738
2799 1
2800 818
2801 796
2802 1
2803 798
2804 781
2805 1
2806 811
2807 741
2808 0
2809 802
2810 808
2811 0
2812 795
2813 779
2814 1
2815 817
2816 791
2817 1
2818 811
2819 788
2820 0
2821 777
2822 792
2823 0
2824 815
2825 808
2826 0
2827 797
2828 782
2829 1
2830 753
2831 791
2832 1
2833 797
2834 758
2835 0
2836 777
2837 774
2838 0
2839 772
2840 772
2841 1
2842 767
2843 772
2844 0
2845 801
2846 757
2847 0
2848 777
2849 720
2850 1
2851 772
2852 810
2853 1
2854 794
2855 802
2856 0
2857 792
2858 772
2859 1
2860 771
2861 758
2862 1
2863 808
2864 794
2865 1
2866 845
2867 770
2868 0
2869 803
2870 757
2871 0
2872 779
2873 800
2874 1
2875 775
2876 753
2877 0
2878 794
2879 822
2880 0
2881 748
2882 826
2883 1
2884 794
2885 799
2886 1
2887 788
2888 805
2889 0
2890 806
2891 833
2892 0
2893 779
2894 780
2895 0
2896 779
2897 768
2898 1
2899 804
2900 794
2901 1
2902 777
2903 766
2904 1
2905 795
2906 817
2907 1
2908 771
2909 787
2910 0
2911 794
2912 751
2913 1
2914 775
2915 825
2916 1
2917 799
2918 748
2919 1
2920 805
2921 762
2922 1
2923 767
2924 803
2925 1
2926 810
2927 775
2928 0
2929 789
2930 755
2931 1
2932 782
2933 797
2934 0
2935 794
2936 793
2937 1
2938 750
2939 768
2940 0
2941 776
2942 805
2943 0
2944 792
2945 783
2946 1
2947 779
2948 797
2949 1
2950 803
2951 802
2952 0
2953 778
2954 779
2955 1
2956 780
2957 774
2958 0
2959 787
2960 807
2961 1
2962 830
2963 792
2964 1
2965 802
2966 765
2967 1
2968 773
2969 762
2970 1
2971 779
2972 772
2973 1
2974 800
2975 793
2976 1
2977 782
2978 781
2979 0
2980 802
2981 759
2982 0
2983 774
2984 794
2985 1
2986 794
2987 749
2988 0
2989 766
2990 795
2991 1
2992 755
2993 777
2994 1
2995 775
2996 783
2997 0
2998 794
2999 772
3000 1
3001 759
3002 761
3003 0
3004 799
3005 762
3006 1
3007 763
3008 758
3009 1
3010 786
3011 828
3012 1
3013 814
3014 769
3015 1
3016 809
3017 798
3018 0
3019 768
3020 788
3021 1
3022 820
3023 771
3024 1
3025 791
3026 804
3027 1
3028 793
3029 799
3030 0
3031 789
3032 774
3033 0
3034 820
3035 801
3036 1
3037 830
3038 808
3039 1
3040 807
3041 776
3042 0
3043 794
3044 777
3045 1
3046 774
3047 765
3048 1
3049 776
3050 774
3051 0
3052 797
3053 797
3054 0
3055 767
3056 799
3057 1
3058 780
3059 764
3060 1
3061 794
3062 775
3063 1
3064 776
3065 792
3066 1
3067 746
3068 760
3069 1
3070 761
3071 809
3072 1
3073 814
3074 777
3075 0
3076 780
3077 791
3078 1
3079 767
3080 786
3081 1
3082 785
3083 813
3084 0
3085 740
3086 778
3087 0
3088 775
3089 825
3090 0
3091 792
3092 770
3093 0
3094 780
3095 785
3096 0
3097 784
3098 791
3099 0
3100 772
3101 744
3102 1
3103 803
3104 822
3105 0
3106 797
3107 810
3108 1
3109 778
3110 797
3111 1
3112 763
3113 778
3114 0
3115 793
3116 792
3117 1
3118 783
3119 830
3120 1
3121 789
3122 764
3123 0
3124 752
3125 738
3126 0
3127 784
3128 810
3129 1
3130 782
3131 823
3132 1
3133 793
3134 806
3135 0
3136 791
3137 795
3138 1
3139 778
3140 774
3141 1
3142 789
3143 775
3144 0
3145 783
3146 795
3147 0
3148 759
3149 781
3150 0
